1568804091 1
1569180969 3
1569182126 31
1569183082 31
1570606150 38
1570991458 39
1570991465 39
1572111929 1542
1573196621 2216
1573196772 2210
1573198072 2207
1573328069 25752
1573331275 25754
1573331319 25756
1573331901 25757
1573333307 25777
1573333673 25778
1573333784 25780
1573661788 25782
1573665274 26916
1573846915 27311
1573895128 28746
1573927021 28930
1573940175 29191
1573991675 29228
1574026984 29484
1574069028 29765
1574074373 29794
1574189340 30627
1574190469 30627
1574235377 30893
1574235570 31019
1574237181 31000
1574237786 31018
1574241868 31018
1574258819 31020
1574259086 31018
1574291403 31636
1574675839 33426
1574731299 34524
1574746692 34526
